(778,65)
(454,236)
(772,33)
(324,66)
(180,63)
(320,154)
(752,73)
(408,27)
(586,166)
(428,55)
(464,53)
(346,193)
(14,98)
(466,101)
(24,68)
(912,53)
(146,29)
(204,42)
(514,194)
(390,31)
(226,50)
(934,174)
(318,174)
(12,51)
(576,36)
(810,26)
(712,162)
(628,27)
(94,400)
(452,206)
(192,35)
(450,540)
(160,120)
(492,55)
(420,36)
(366,33)
(22,128)
(460,68)
(350,50)
(548,155)
(646,38)
(758,357)
(842,27)
(528,53)
(696,29)
(626,32)
(40,35)
(434,44)
(58,154)
(136,35)
(590,48)
(878,134)
(196,39)
(96,56)
(338,75)
(784,39)
(524,306)
(848,150)
(698,127)
(918,103)
(216,131)
(292,124)
(98,27)
(884,43)
(30,43)
(246,195)
(754,34)
(92,388)
(814,35)
(344,190)
(834,54)
(664,166)
(72,137)
(144,206)
(494,47)
(506,242)
(854,217)
(84,68)
(122,61)
(592,360)
(404,44)
(782,232)
(76,82)
(470,57)
(326,187)
(836,50)
(430,65)
(774,224)
(208,33)
(436,145)
(902,49)
(164,63)
(794,39)
(438,33)
(804,332)
(8,59)
(174,177)
(372,66)
(734,64)
(536,163)
(786,117)
(602,29)
(474,327)
(150,32)
(600,89)
(892,226)
(650,311)
(672,29)
(682,399)
(910,60)
(152,106)
(368,45)
(796,358)
(798,239)
(236,124)
(74,39)
(316,75)
(730,38)
(402,68)
(406,342)
(612,27)
(256,207)
(462,33)
(874,34)
(588,225)
(764,109)
(334,333)
(162,42)
(224,141)
(120,26)
(616,43)
(890,119)
(46,27)
(608,163)
(606,236)
(172,27)
(916,317)
(678,28)
(190,59)
(284,47)
(304,26)
(674,41)
(378,375)
(496,129)
(498,149)
(114,48)
(306,32)
(176,63)
(26,107)
(360,102)
(830,106)
(312,223)
(840,197)
(52,56)
(872,71)
(936,142)
(298,127)
(16,140)
(156,37)
(158,173)
(750,33)
(54,65)
(286,288)
(456,217)
(376,30)
(702,31)
(294,150)
(686,71)
(928,32)
(64,200)
(188,112)
(770,64)
(720,30)
(634,135)
(380,162)
(862,165)
(290,150)
(70,131)
(432,62)
(508,87)
(640,109)
(500,225)
(660,224)
(10,184)
(714,44)
(562,72)
(694,157)
(280,258)
(922,127)
(232,93)
(116,143)
(490,57)
(446,36)
(844,81)
(42,183)
(102,216)
(314,245)
(900,45)
(542,135)
(488,154)
(826,115)
(484,139)
(550,40)
(534,80)
(234,480)
(348,58)
(692,40)
(574,46)
(340,44)
(930,63)
(130,353)
(744,27)
(582,62)
(66,38)
(906,41)
(860,71)
(138,51)
(904,47)
(480,60)
(518,73)
(530,45)
(828,104)
(624,141)
(288,75)
(38,121)
(728,26)
(330,147)
(100,59)
(482,26)
(644,42)
(332,183)
(112,46)
(676,77)
(184,251)
(632,118)
(742,26)
(544,31)
(850,51)
(194,305)
(886,240)
(532,274)
(126,45)
(118,71)
(186,92)
(846,405)
(198,181)
(658,71)
(738,148)
(168,69)
(722,42)
(898,30)
(388,52)
(254,159)
(296,147)
(630,108)
(556,44)
(82,168)
(476,83)
(28,79)
(766,175)
(222,387)
(894,245)
(354,233)
(110,133)
(336,130)
(214,128)
(472,263)
(654,147)
(106,64)
(322,51)
(896,362)
(546,59)
(248,56)
(852,49)
(218,53)
(274,71)
(942,79)
(178,273)
(760,41)
(56,187)
(920,26)
(704,90)
(566,149)
(756,109)
(708,105)
(182,28)
(394,149)
(32,41)
(882,137)
(206,64)
(382,53)
(768,64)
(44,151)
(618,216)
(244,238)
(684,86)
(670,46)
(806,140)
(440,51)
(526,68)
(502,37)
(412,51)
(856,26)
(622,228)
(80,29)
(838,93)
(104,111)
(352,42)
(510,30)
(458,183)
(272,51)
(396,54)
(270,138)
(90,300)
(868,208)
(238,29)
(18,277)
(20,48)
(342,201)
(552,84)
(268,328)
(864,294)
(718,39)
(668,46)
(568,81)
(504,251)
(614,39)
(424,44)
(666,245)
(200,216)
(370,75)
(142,33)
(908,74)
(538,81)
(62,232)
(790,231)
(250,122)
(264,120)
(442,143)
(710,86)
(6,211)
(690,115)
(620,110)
(780,55)
(60,208)
(308,397)
(328,283)
(2,62)
(398,172)
(706,29)
(230,133)
(554,114)
(800,28)
(802,75)
(638,67)
(648,297)
(610,75)
(792,47)
(262,160)
(426,101)
(748,108)
(416,493)
(358,43)
(154,51)
(746,67)
(924,82)
(938,108)
(716,269)
(680,38)
(422,97)
(108,33)
(788,249)
(148,65)
(540,63)
(564,34)
(870,269)
(940,107)
(486,189)
(724,85)
(410,28)
(276,518)
(374,274)
(48,66)
(128,184)
(560,101)
(210,132)
(642,318)
(468,143)
(448,38)
(392,111)
(604,27)
(880,368)
(478,113)
(776,105)
(580,47)
(932,241)
(68,34)
(522,30)
(451,98)
(893,59)
(315,87)
(373,233)
(667,47)
(795,159)
(307,112)
(11,181)
(303,484)
(195,96)
(201,386)
(1,272)
(215,93)
(291,296)
(623,45)
(17,28)
(535,218)
(861,43)
(605,90)
(755,38)
(447,139)
(703,47)
(659,191)
(931,61)
(781,42)
(21,179)
(321,125)
(331,70)
(715,167)
(367,58)
(77,72)
(403,50)
(577,188)
(355,26)
(719,67)
(283,53)
(429,414)
(801,26)
(131,30)
(815,183)
(347,199)
(255,83)
(775,28)
(637,104)
(293,388)
(489,109)
(621,171)
(851,209)
(515,40)
(731,83)
(453,156)
(787,57)
(599,47)
(701,33)
(363,311)
(929,49)
(381,127)
(645,122)
(81,58)
(387,304)
(419,32)
(345,232)
(711,221)
(375,28)
(79,55)
(885,102)
(263,123)
(835,102)
(427,31)
(603,47)
(275,95)
(541,133)
(741,104)
(505,112)
(581,28)
(827,28)
(83,155)
(771,70)
(919,217)
(251,77)
(735,53)
(423,64)
(915,26)
(467,44)
(187,56)
(553,100)
(397,102)
(831,73)
(243,81)
(95,278)
(329,65)
(847,146)
(379,196)
(351,44)
(589,43)
(863,107)
(73,66)
(469,43)
(665,142)
(507,58)
(501,73)
(181,435)
(869,47)
(237,48)
(259,46)
(759,32)
(595,96)
(579,74)
(7,403)
(389,271)
(675,34)
(819,28)
(499,102)
(695,38)
(439,31)
(267,185)
(491,33)
(327,284)
(907,147)
(193,121)
(265,46)
(417,365)
(707,236)
(437,263)
(937,40)
(359,27)
(527,137)
(683,75)
(449,75)
(279,434)
(89,76)
(597,41)
(103,29)
(481,56)
(773,161)
(269,323)
(483,59)
(99,136)
(905,40)
(277,54)
(643,206)
(53,28)
(737,33)
(333,26)
(343,237)
(613,28)
(845,31)
(601,148)
(393,448)
(943,168)
(561,357)
(23,151)
(763,129)
(705,114)
(797,26)
(69,65)
(3,54)
(135,55)
(935,39)
(123,54)
(91,98)
(785,27)
(271,278)
(197,118)
(239,159)
(177,115)
(119,181)
(189,187)
(867,95)
(757,166)
(477,35)
(557,53)
(875,89)
(883,268)
(121,74)
(653,283)
(925,32)
(727,322)
(531,30)
(923,74)
(219,28)
(563,30)
(567,155)
(285,32)
(385,281)
(305,222)
(421,62)
(911,98)
(173,43)
(569,70)
(629,121)
(523,100)
(671,124)
(689,36)
(821,62)
(843,204)
(43,221)
(555,52)
(159,107)
(663,158)
(301,275)
(587,98)
(921,110)
(839,57)
(899,135)
(117,86)
(829,64)
(559,76)
(249,161)
(295,196)
(257,57)
(361,121)
(749,305)
(573,51)
(357,76)
(487,231)
(209,33)
(517,37)
(433,41)
(129,30)
(733,107)
(609,28)
(881,259)
(751,168)
(297,192)
(769,29)
(71,38)
(641,40)
(529,43)
(635,34)
(171,28)
(311,294)
(473,35)
(933,184)
(235,94)
(399,319)
(909,26)
(37,57)
(185,48)
(679,62)
(247,26)
(63,93)
(543,197)
(203,43)
(211,37)
(859,39)
(299,280)
(217,76)
(539,56)
(509,33)
(721,168)
(533,260)
(697,105)
(59,382)
(411,58)
(677,49)
(113,51)
(565,35)
(897,185)
(165,30)
(525,54)
(31,36)
(841,31)
(413,50)
(137,47)
(661,121)
(229,30)
(783,30)
(647,58)
(29,34)
(633,58)
(551,334)
(191,27)
(161,58)
(761,66)
(591,84)
(57,106)
(149,36)
(655,685)
(793,55)
(313,262)
(463,133)
(49,215)
(435,379)
(693,154)
(109,234)
(167,69)
(519,49)
(115,92)
(337,34)
(15,104)
(699,149)
(717,93)
(401,153)
(779,37)
(903,136)
(585,80)
(371,51)
(823,185)
(891,47)
(227,58)
(889,326)
(479,202)
(813,29)
(141,107)
(221,146)
(223,105)
(879,29)
(745,60)
(575,26)
(805,273)
(457,277)
(615,103)
(669,100)
(917,35)
(817,36)
(151,307)
(101,67)
(593,156)
(807,204)
(767,37)
(289,27)
(125,182)
(65,80)
(157,51)
(383,71)
(639,148)
(625,106)
(611,42)
(865,66)
(175,38)
(459,118)
(497,279)
(743,35)
(495,213)
(887,171)
(339,254)
(913,132)
(199,40)
(145,316)
(657,29)
(583,27)
(41,52)
(409,203)
(673,35)
(253,97)
(713,30)
(837,46)
(709,138)
(169,37)
(261,27)
(395,57)
(25,78)
(545,162)
(617,108)
(213,126)
(471,31)
(503,160)
(627,181)
(833,267)
(877,81)
(825,145)
(67,30)
(425,204)
(85,288)
(405,737)
(789,33)
(871,115)
(391,121)
(87,211)
(287,62)
(5,175)
(225,27)
(13,636)
(455,189)
(619,89)
(325,142)
(465,80)
(323,89)
(407,226)
(927,120)
(691,32)
(349,41)
(607,37)
(179,42)
(939,49)
(75,79)
(901,124)
(133,26)
(445,135)
(45,48)
(183,53)
(853,41)
(747,293)
(485,26)
(97,63)
(281,26)
(753,57)
(207,230)
(803,33)
(521,150)
(739,35)
(233,110)
(537,490)
(777,36)
(377,33)
(493,135)
(365,58)
